# Array shape: (3, 2, 8, 2)
# L : 
#1,5,10,
# N : 
#10,30,
# Eta : 
#0.0,0.1,0.2,0.3,0.4,0.5,0.75,1.0,
# V : 
#0.003,0.01,
0.795   0.711  
0.741   0.755  
0.677   0.651  
0.512   0.531  
0.454   0.450  
0.305   0.304  
0.096   0.108  
0.084   0.108  
# New slice
0.953   0.968  
0.849   0.847  
0.665   0.674  
0.527   0.512  
0.415   0.405  
0.308   0.293  
0.102   0.091  
0.031   0.023  
# New slice

# New slicer

0.584   0.953  
0.153   0.176  
0.079   0.160  
0.200   0.187  
0.127   0.121  
0.117   0.129  
0.106   0.093  
0.093   0.092  
# New slice
0.784   0.907  
0.363   0.431  
0.382   0.415  
0.260   0.258  
0.242   0.196  
0.165   0.140  
0.050   0.059  
0.029   0.027  
# New slice

# New slicer

0.103   0.115  
0.208   0.218  
0.115   0.084  
0.115   0.086  
0.119   0.105  
0.105   0.087  
0.091   0.078  
0.054   0.097  
# New slice
0.160   0.554  
0.218   0.151  
0.074   0.184  
0.085   0.101  
0.069   0.090  
0.047   0.042  
0.033   0.038  
0.023   0.025  
# New slice

# New slicer

