# Array shape: (3, 2, 8, 2)
0.000   0.000  
0.086   0.073  
0.093   0.089  
0.112   0.110  
0.125   0.138  
0.122   0.142  
0.062   0.074  
0.060   0.120  
# New slice
0.000   0.000  
0.037   0.034  
0.055   0.051  
0.053   0.045  
0.060   0.043  
0.066   0.049  
0.064   0.046  
0.034   0.022  
# New slice

# New slicer

0.048   0.042  
0.095   0.113  
0.053   0.119  
0.127   0.143  
0.103   0.106  
0.120   0.105  
0.080   0.091  
0.086   0.083  
# New slice
0.045   0.080  
0.091   0.101  
0.080   0.070  
0.082   0.068  
0.093   0.073  
0.074   0.068  
0.040   0.054  
0.027   0.027  
# New slice

# New slicer

0.006   0.056  
0.080   0.181  
0.119   0.057  
0.085   0.094  
0.094   0.067  
0.105   0.086  
0.091   0.072  
0.063   0.083  
# New slice
0.014   0.122  
0.115   0.101  
0.056   0.069  
0.045   0.060  
0.049   0.073  
0.037   0.035  
0.040   0.032  
0.018   0.023  
# New slice

# New slicer

