# Array shape: (2, 2, 8, 2)
# L = [1 5]
# N = [10 30]
# Eta = [6.28318531e-05 6.28318531e-01 1.25663706e+00 1.88495559e+00
# 2.51327412e+00 3.14159265e+00 4.71238898e+00 6.28318531e+00]
# V = [0.003 0.01 ]
0.793   0.793  
0.739   0.739  
0.646   0.646  
0.539   0.539  
0.441   0.441  
0.322   0.322  
0.139   0.139  
0.085   0.085  
# New slice
0.916   0.916  
0.848   0.848  
0.682   0.682  
0.538   0.538  
0.413   0.413  
0.303   0.303  
0.084   0.084  
0.022   0.022  
# New slice

# New slicer

0.158   0.158  
0.261   0.261  
0.184   0.184  
0.152   0.152  
0.110   0.110  
0.130   0.130  
0.101   0.101  
0.072   0.072  
# New slice
0.793   0.793  
0.388   0.388  
0.319   0.319  
0.292   0.292  
0.212   0.212  
0.165   0.165  
0.042   0.042  
0.030   0.030  
# New slice

# New slicer

