# Array shape: (2, 2, 8, 2)
# L = [1 5]
# N = [10 30]
# Eta = [6.28318531e-05 6.28318531e-01 1.25663706e+00 1.88495559e+00
# 2.51327412e+00 3.14159265e+00 4.71238898e+00 6.28318531e+00]
# V = [0.003 0.01 ]
0.000   0.000  
0.077   0.077  
0.092   0.092  
0.108   0.108  
0.105   0.105  
0.135   0.135  
0.097   0.097  
0.080   0.080  
# New slice
0.000   0.000  
0.035   0.035  
0.050   0.050  
0.057   0.057  
0.040   0.040  
0.058   0.058  
0.046   0.046  
0.019   0.019  
# New slice

# New slicer

0.042   0.042  
0.137   0.137  
0.101   0.101  
0.107   0.107  
0.094   0.094  
0.101   0.101  
0.098   0.098  
0.078   0.078  
# New slice
0.038   0.038  
0.109   0.109  
0.096   0.096  
0.083   0.083  
0.076   0.076  
0.061   0.061  
0.034   0.034  
0.029   0.029  
# New slice

# New slicer

